match_id,season,start_date,venue,innings,ball,batting_team,bowling_team,striker,non_striker,bowler,runs_off_bat,extras,wides,noballs,byes,legbyes,penalty,wicket_type,player_dismissed,other_wicket_type,other_player_dismissed
1459381,2024/25,2024-11-26,"Nigeria Cricket Federation Oval 1, Abuja",1,0.1,Eswatini,Nigeria,T Sandeep,Adil Butt,P Useni,0,2,2,,,,,,,,
1459381,2024/25,2024-11-26,"Nigeria Cricket Federation Oval 1, Abuja",1,0.2,Eswatini,Nigeria,Adil Butt,T Sandeep,P Useni,0,0,,,,,,,,,
1459381,2024/25,2024-11-26,"Nigeria Cricket Federation Oval 1, Abuja",1,0.3,Eswatini,Nigeria,Adil Butt,T Sandeep,P Useni,0,0,,,,,,,,,
1459381,2024/25,2024-11-26,"Nigeria Cricket Federation Oval 1, Abuja",1,0.4,Eswatini,Nigeria,Adil Butt,T Sandeep,P Useni,4,0,,,,,,,,,
1459381,2024/25,2024-11-26,"Nigeria Cricket Federation Oval 1, Abuja",1,0.5,Eswatini,Nigeria,Adil Butt,T Sandeep,P Useni,4,0,,,,,,,,,
1459381,2024/25,2024-11-26,"Nigeria Cricket Federation Oval 1, Abuja",1,0.6,Eswatini,Nigeria,Adil Butt,T Sandeep,P Useni,6,0,,,,,,,,,
1459381,2024/25,2024-11-26,"Nigeria Cricket Federation Oval 1, Abuja",1,0.7,Eswatini,Nigeria,Adil Butt,T Sandeep,P Useni,0,0,,,,,,,,,
1459381,2024/25,2024-11-26,"Nigeria Cricket Federation Oval 1, Abuja",1,1.1,Eswatini,Nigeria,T Sandeep,Adil Butt,P Aho,0,1,1,,,,,,,,
1459381,2024/25,2024-11-26,"Nigeria Cricket Federation Oval 1, Abuja",1,1.2,Eswatini,Nigeria,T Sandeep,Adil Butt,P Aho,0,0,,,,,,,,,
1459381,2024/25,2024-11-26,"Nigeria Cricket Federation Oval 1, Abuja",1,1.3,Eswatini,Nigeria,T Sandeep,Adil Butt,P Aho,0,1,1,,,,,,,,
1459381,2024/25,2024-11-26,"Nigeria Cricket Federation Oval 1, Abuja",1,1.4,Eswatini,Nigeria,T Sandeep,Adil Butt,P Aho,1,0,,,,,,,,,
1459381,2024/25,2024-11-26,"Nigeria Cricket Federation Oval 1, Abuja",1,1.5,Eswatini,Nigeria,Adil Butt,T Sandeep,P Aho,6,0,,,,,,,,,
1459381,2024/25,2024-11-26,"Nigeria Cricket Federation Oval 1, Abuja",1,1.6,Eswatini,Nigeria,Adil Butt,T Sandeep,P Aho,0,0,,,,,,,,,
1459381,2024/25,2024-11-26,"Nigeria Cricket Federation Oval 1, Abuja",1,1.7,Eswatini,Nigeria,Adil Butt,T Sandeep,P Aho,0,0,,,,,,,,,
1459381,2024/25,2024-11-26,"Nigeria Cricket Federation Oval 1, Abuja",1,1.8,Eswatini,Nigeria,Adil Butt,T Sandeep,P Aho,1,0,,,,,,,,,
1459381,2024/25,2024-11-26,"Nigeria Cricket Federation Oval 1, Abuja",1,2.1,Eswatini,Nigeria,Adil Butt,T Sandeep,Mohameed Taiwo,1,0,,,,,,,,,
1459381,2024/25,2024-11-26,"Nigeria Cricket Federation Oval 1, Abuja",1,2.2,Eswatini,Nigeria,T Sandeep,Adil Butt,Mohameed Taiwo,2,0,,,,,,,,,
1459381,2024/25,2024-11-26,"Nigeria Cricket Federation Oval 1, Abuja",1,2.3,Eswatini,Nigeria,T Sandeep,Adil Butt,Mohameed Taiwo,1,1,,1,,,,,,,
1459381,2024/25,2024-11-26,"Nigeria Cricket Federation Oval 1, Abuja",1,2.4,Eswatini,Nigeria,Adil Butt,T Sandeep,Mohameed Taiwo,0,0,,,,,,,,,
1459381,2024/25,2024-11-26,"Nigeria Cricket Federation Oval 1, Abuja",1,2.5,Eswatini,Nigeria,Adil Butt,T Sandeep,Mohameed Taiwo,6,0,,,,,,,,,
1459381,2024/25,2024-11-26,"Nigeria Cricket Federation Oval 1, Abuja",1,2.6,Eswatini,Nigeria,Adil Butt,T Sandeep,Mohameed Taiwo,6,0,,,,,,,,,
1459381,2024/25,2024-11-26,"Nigeria Cricket Federation Oval 1, Abuja",1,2.7,Eswatini,Nigeria,Adil Butt,T Sandeep,Mohameed Taiwo,0,0,,,,,,,,,
1459381,2024/25,2024-11-26,"Nigeria Cricket Federation Oval 1, Abuja",1,3.1,Eswatini,Nigeria,T Sandeep,Adil Butt,SA Okpe,0,0,,,,,,,,,
1459381,2024/25,2024-11-26,"Nigeria Cricket Federation Oval 1, Abuja",1,3.2,Eswatini,Nigeria,T Sandeep,Adil Butt,SA Okpe,6,0,,,,,,,,,
1459381,2024/25,2024-11-26,"Nigeria Cricket Federation Oval 1, Abuja",1,3.3,Eswatini,Nigeria,T Sandeep,Adil Butt,SA Okpe,0,0,,,,,,,,,
1459381,2024/25,2024-11-26,"Nigeria Cricket Federation Oval 1, Abuja",1,3.4,Eswatini,Nigeria,T Sandeep,Adil Butt,SA Okpe,0,0,,,,,,,,,
1459381,2024/25,2024-11-26,"Nigeria Cricket Federation Oval 1, Abuja",1,3.5,Eswatini,Nigeria,T Sandeep,Adil Butt,SA Okpe,1,0,,,,,,,,,
1459381,2024/25,2024-11-26,"Nigeria Cricket Federation Oval 1, Abuja",1,3.6,Eswatini,Nigeria,Adil Butt,T Sandeep,SA Okpe,0,0,,,,,,,,,
1459381,2024/25,2024-11-26,"Nigeria Cricket Federation Oval 1, Abuja",1,4.1,Eswatini,Nigeria,T Sandeep,Adil Butt,I Danladi,0,0,,,,,,,,,
1459381,2024/25,2024-11-26,"Nigeria Cricket Federation Oval 1, Abuja",1,4.2,Eswatini,Nigeria,T Sandeep,Adil Butt,I Danladi,0,0,,,,,,,,,
1459381,2024/25,2024-11-26,"Nigeria Cricket Federation Oval 1, Abuja",1,4.3,Eswatini,Nigeria,T Sandeep,Adil Butt,I Danladi,4,0,,,,,,,,,
1459381,2024/25,2024-11-26,"Nigeria Cricket Federation Oval 1, Abuja",1,4.4,Eswatini,Nigeria,T Sandeep,Adil Butt,I Danladi,0,1,,,,1,,,,,
1459381,2024/25,2024-11-26,"Nigeria Cricket Federation Oval 1, Abuja",1,4.5,Eswatini,Nigeria,Adil Butt,T Sandeep,I Danladi,0,0,,,,,,,,,
1459381,2024/25,2024-11-26,"Nigeria Cricket Federation Oval 1, Abuja",1,4.6,Eswatini,Nigeria,Adil Butt,T Sandeep,I Danladi,0,2,,,2,,,,,,
1459381,2024/25,2024-11-26,"Nigeria Cricket Federation Oval 1, Abuja",1,5.1,Eswatini,Nigeria,T Sandeep,Adil Butt,SA Okpe,0,0,,,,,,,,,
1459381,2024/25,2024-11-26,"Nigeria Cricket Federation Oval 1, Abuja",1,5.2,Eswatini,Nigeria,T Sandeep,Adil Butt,SA Okpe,0,0,,,,,,,,,
1459381,2024/25,2024-11-26,"Nigeria Cricket Federation Oval 1, Abuja",1,5.3,Eswatini,Nigeria,T Sandeep,Adil Butt,SA Okpe,1,0,,,,,,,,,
1459381,2024/25,2024-11-26,"Nigeria Cricket Federation Oval 1, Abuja",1,5.4,Eswatini,Nigeria,Adil Butt,T Sandeep,SA Okpe,0,0,,,,,,,,,
1459381,2024/25,2024-11-26,"Nigeria Cricket Federation Oval 1, Abuja",1,5.5,Eswatini,Nigeria,Adil Butt,T Sandeep,SA Okpe,0,0,,,,,,,,,
1459381,2024/25,2024-11-26,"Nigeria Cricket Federation Oval 1, Abuja",1,5.6,Eswatini,Nigeria,Adil Butt,T Sandeep,SA Okpe,4,0,,,,,,,,,
1459381,2024/25,2024-11-26,"Nigeria Cricket Federation Oval 1, Abuja",1,6.1,Eswatini,Nigeria,T Sandeep,Adil Butt,I Danladi,1,0,,,,,,,,,
1459381,2024/25,2024-11-26,"Nigeria Cricket Federation Oval 1, Abuja",1,6.2,Eswatini,Nigeria,Adil Butt,T Sandeep,I Danladi,1,0,,,,,,,,,
1459381,2024/25,2024-11-26,"Nigeria Cricket Federation Oval 1, Abuja",1,6.3,Eswatini,Nigeria,T Sandeep,Adil Butt,I Danladi,0,0,,,,,,,,,
1459381,2024/25,2024-11-26,"Nigeria Cricket Federation Oval 1, Abuja",1,6.4,Eswatini,Nigeria,T Sandeep,Adil Butt,I Danladi,0,0,,,,,,lbw,T Sandeep,,
1459381,2024/25,2024-11-26,"Nigeria Cricket Federation Oval 1, Abuja",1,6.5,Eswatini,Nigeria,M Khojbariya,Adil Butt,I Danladi,1,0,,,,,,,,,
1459381,2024/25,2024-11-26,"Nigeria Cricket Federation Oval 1, Abuja",1,6.6,Eswatini,Nigeria,Adil Butt,M Khojbariya,I Danladi,0,0,,,,,,,,,
1459381,2024/25,2024-11-26,"Nigeria Cricket Federation Oval 1, Abuja",1,7.1,Eswatini,Nigeria,M Khojbariya,Adil Butt,SA Okpe,1,0,,,,,,,,,
1459381,2024/25,2024-11-26,"Nigeria Cricket Federation Oval 1, Abuja",1,7.2,Eswatini,Nigeria,Adil Butt,M Khojbariya,SA Okpe,0,0,,,,,,,,,
1459381,2024/25,2024-11-26,"Nigeria Cricket Federation Oval 1, Abuja",1,7.3,Eswatini,Nigeria,Adil Butt,M Khojbariya,SA Okpe,1,0,,,,,,,,,
1459381,2024/25,2024-11-26,"Nigeria Cricket Federation Oval 1, Abuja",1,7.4,Eswatini,Nigeria,M Khojbariya,Adil Butt,SA Okpe,0,0,,,,,,,,,
1459381,2024/25,2024-11-26,"Nigeria Cricket Federation Oval 1, Abuja",1,7.5,Eswatini,Nigeria,M Khojbariya,Adil Butt,SA Okpe,0,0,,,,,,,,,
1459381,2024/25,2024-11-26,"Nigeria Cricket Federation Oval 1, Abuja",1,7.6,Eswatini,Nigeria,M Khojbariya,Adil Butt,SA Okpe,1,0,,,,,,,,,
1459381,2024/25,2024-11-26,"Nigeria Cricket Federation Oval 1, Abuja",1,8.1,Eswatini,Nigeria,M Khojbariya,Adil Butt,I Danladi,0,0,,,,,,caught,M Khojbariya,,
1459381,2024/25,2024-11-26,"Nigeria Cricket Federation Oval 1, Abuja",1,8.2,Eswatini,Nigeria,Umair Qasim,Adil Butt,I Danladi,1,0,,,,,,,,,
1459381,2024/25,2024-11-26,"Nigeria Cricket Federation Oval 1, Abuja",1,8.3,Eswatini,Nigeria,Adil Butt,Umair Qasim,I Danladi,0,0,,,,,,,,,
1459381,2024/25,2024-11-26,"Nigeria Cricket Federation Oval 1, Abuja",1,8.4,Eswatini,Nigeria,Adil Butt,Umair Qasim,I Danladi,0,0,,,,,,,,,
1459381,2024/25,2024-11-26,"Nigeria Cricket Federation Oval 1, Abuja",1,8.5,Eswatini,Nigeria,Adil Butt,Umair Qasim,I Danladi,1,0,,,,,,,,,
1459381,2024/25,2024-11-26,"Nigeria Cricket Federation Oval 1, Abuja",1,8.6,Eswatini,Nigeria,Umair Qasim,Adil Butt,I Danladi,1,0,,,,,,,,,
1459381,2024/25,2024-11-26,"Nigeria Cricket Federation Oval 1, Abuja",1,9.1,Eswatini,Nigeria,Umair Qasim,Adil Butt,R Abdulkareem,0,0,,,,,,,,,
1459381,2024/25,2024-11-26,"Nigeria Cricket Federation Oval 1, Abuja",1,9.2,Eswatini,Nigeria,Umair Qasim,Adil Butt,R Abdulkareem,1,0,,,,,,,,,
1459381,2024/25,2024-11-26,"Nigeria Cricket Federation Oval 1, Abuja",1,9.3,Eswatini,Nigeria,Adil Butt,Umair Qasim,R Abdulkareem,0,0,,,,,,,,,
1459381,2024/25,2024-11-26,"Nigeria Cricket Federation Oval 1, Abuja",1,9.4,Eswatini,Nigeria,Adil Butt,Umair Qasim,R Abdulkareem,0,1,1,,,,,,,,
1459381,2024/25,2024-11-26,"Nigeria Cricket Federation Oval 1, Abuja",1,9.5,Eswatini,Nigeria,Adil Butt,Umair Qasim,R Abdulkareem,1,0,,,,,,,,,
1459381,2024/25,2024-11-26,"Nigeria Cricket Federation Oval 1, Abuja",1,9.6,Eswatini,Nigeria,Umair Qasim,Adil Butt,R Abdulkareem,0,0,,,,,,,,,
1459381,2024/25,2024-11-26,"Nigeria Cricket Federation Oval 1, Abuja",1,9.7,Eswatini,Nigeria,Umair Qasim,Adil Butt,R Abdulkareem,0,0,,,,,,lbw,Umair Qasim,,
1459381,2024/25,2024-11-26,"Nigeria Cricket Federation Oval 1, Abuja",1,10.1,Eswatini,Nigeria,Adil Butt,J Suleman,IO Okpe,1,0,,,,,,,,,
1459381,2024/25,2024-11-26,"Nigeria Cricket Federation Oval 1, Abuja",1,10.2,Eswatini,Nigeria,J Suleman,Adil Butt,IO Okpe,0,0,,,,,,,,,
1459381,2024/25,2024-11-26,"Nigeria Cricket Federation Oval 1, Abuja",1,10.3,Eswatini,Nigeria,J Suleman,Adil Butt,IO Okpe,1,0,,,,,,,,,
1459381,2024/25,2024-11-26,"Nigeria Cricket Federation Oval 1, Abuja",1,10.4,Eswatini,Nigeria,Adil Butt,J Suleman,IO Okpe,2,0,,,,,,,,,
1459381,2024/25,2024-11-26,"Nigeria Cricket Federation Oval 1, Abuja",1,10.5,Eswatini,Nigeria,Adil Butt,J Suleman,IO Okpe,0,0,,,,,,,,,
1459381,2024/25,2024-11-26,"Nigeria Cricket Federation Oval 1, Abuja",1,10.6,Eswatini,Nigeria,Adil Butt,J Suleman,IO Okpe,2,0,,,,,,,,,
1459381,2024/25,2024-11-26,"Nigeria Cricket Federation Oval 1, Abuja",1,11.1,Eswatini,Nigeria,J Suleman,Adil Butt,R Abdulkareem,1,0,,,,,,,,,
1459381,2024/25,2024-11-26,"Nigeria Cricket Federation Oval 1, Abuja",1,11.2,Eswatini,Nigeria,Adil Butt,J Suleman,R Abdulkareem,1,0,,,,,,,,,
1459381,2024/25,2024-11-26,"Nigeria Cricket Federation Oval 1, Abuja",1,11.3,Eswatini,Nigeria,J Suleman,Adil Butt,R Abdulkareem,0,0,,,,,,,,,
1459381,2024/25,2024-11-26,"Nigeria Cricket Federation Oval 1, Abuja",1,11.4,Eswatini,Nigeria,J Suleman,Adil Butt,R Abdulkareem,0,0,,,,,,bowled,J Suleman,,
1459381,2024/25,2024-11-26,"Nigeria Cricket Federation Oval 1, Abuja",1,11.5,Eswatini,Nigeria,R Sandeep,Adil Butt,R Abdulkareem,0,0,,,,,,,,,
1459381,2024/25,2024-11-26,"Nigeria Cricket Federation Oval 1, Abuja",1,11.6,Eswatini,Nigeria,R Sandeep,Adil Butt,R Abdulkareem,0,0,,,,,,,,,
1459381,2024/25,2024-11-26,"Nigeria Cricket Federation Oval 1, Abuja",1,12.1,Eswatini,Nigeria,Adil Butt,R Sandeep,IO Okpe,0,0,,,,,,,,,
1459381,2024/25,2024-11-26,"Nigeria Cricket Federation Oval 1, Abuja",1,12.2,Eswatini,Nigeria,Adil Butt,R Sandeep,IO Okpe,1,0,,,,,,,,,
1459381,2024/25,2024-11-26,"Nigeria Cricket Federation Oval 1, Abuja",1,12.3,Eswatini,Nigeria,R Sandeep,Adil Butt,IO Okpe,0,0,,,,,,,,,
1459381,2024/25,2024-11-26,"Nigeria Cricket Federation Oval 1, Abuja",1,12.4,Eswatini,Nigeria,R Sandeep,Adil Butt,IO Okpe,1,0,,,,,,,,,
1459381,2024/25,2024-11-26,"Nigeria Cricket Federation Oval 1, Abuja",1,12.5,Eswatini,Nigeria,Adil Butt,R Sandeep,IO Okpe,0,0,,,,,,,,,
1459381,2024/25,2024-11-26,"Nigeria Cricket Federation Oval 1, Abuja",1,12.6,Eswatini,Nigeria,Adil Butt,R Sandeep,IO Okpe,4,0,,,,,,,,,
1459381,2024/25,2024-11-26,"Nigeria Cricket Federation Oval 1, Abuja",1,13.1,Eswatini,Nigeria,R Sandeep,Adil Butt,SA Okpe,0,0,,,,,,,,,
1459381,2024/25,2024-11-26,"Nigeria Cricket Federation Oval 1, Abuja",1,13.2,Eswatini,Nigeria,R Sandeep,Adil Butt,SA Okpe,0,0,,,,,,,,,
1459381,2024/25,2024-11-26,"Nigeria Cricket Federation Oval 1, Abuja",1,13.3,Eswatini,Nigeria,R Sandeep,Adil Butt,SA Okpe,0,0,,,,,,,,,
1459381,2024/25,2024-11-26,"Nigeria Cricket Federation Oval 1, Abuja",1,13.4,Eswatini,Nigeria,R Sandeep,Adil Butt,SA Okpe,0,0,,,,,,,,,
1459381,2024/25,2024-11-26,"Nigeria Cricket Federation Oval 1, Abuja",1,13.5,Eswatini,Nigeria,R Sandeep,Adil Butt,SA Okpe,0,0,,,,,,,,,
1459381,2024/25,2024-11-26,"Nigeria Cricket Federation Oval 1, Abuja",1,13.6,Eswatini,Nigeria,R Sandeep,Adil Butt,SA Okpe,0,0,,,,,,,,,
1459381,2024/25,2024-11-26,"Nigeria Cricket Federation Oval 1, Abuja",1,14.1,Eswatini,Nigeria,Adil Butt,R Sandeep,R Abdulkareem,0,1,1,,,,,,,,
1459381,2024/25,2024-11-26,"Nigeria Cricket Federation Oval 1, Abuja",1,14.2,Eswatini,Nigeria,Adil Butt,R Sandeep,R Abdulkareem,2,0,,,,,,,,,
1459381,2024/25,2024-11-26,"Nigeria Cricket Federation Oval 1, Abuja",1,14.3,Eswatini,Nigeria,Adil Butt,R Sandeep,R Abdulkareem,1,0,,,,,,,,,
1459381,2024/25,2024-11-26,"Nigeria Cricket Federation Oval 1, Abuja",1,14.4,Eswatini,Nigeria,R Sandeep,Adil Butt,R Abdulkareem,0,0,,,,,,bowled,R Sandeep,,
1459381,2024/25,2024-11-26,"Nigeria Cricket Federation Oval 1, Abuja",1,14.5,Eswatini,Nigeria,M Magagula,Adil Butt,R Abdulkareem,0,1,,,,1,,,,,
1459381,2024/25,2024-11-26,"Nigeria Cricket Federation Oval 1, Abuja",1,14.6,Eswatini,Nigeria,Adil Butt,M Magagula,R Abdulkareem,1,0,,,,,,,,,
1459381,2024/25,2024-11-26,"Nigeria Cricket Federation Oval 1, Abuja",1,14.7,Eswatini,Nigeria,M Magagula,Adil Butt,R Abdulkareem,1,0,,,,,,,,,
1459381,2024/25,2024-11-26,"Nigeria Cricket Federation Oval 1, Abuja",1,15.1,Eswatini,Nigeria,M Magagula,Adil Butt,I Danladi,0,0,,,,,,,,,
1459381,2024/25,2024-11-26,"Nigeria Cricket Federation Oval 1, Abuja",1,15.2,Eswatini,Nigeria,M Magagula,Adil Butt,I Danladi,0,0,,,,,,,,,
1459381,2024/25,2024-11-26,"Nigeria Cricket Federation Oval 1, Abuja",1,15.3,Eswatini,Nigeria,M Magagula,Adil Butt,I Danladi,2,0,,,,,,,,,
1459381,2024/25,2024-11-26,"Nigeria Cricket Federation Oval 1, Abuja",1,15.4,Eswatini,Nigeria,M Magagula,Adil Butt,I Danladi,0,0,,,,,,,,,
1459381,2024/25,2024-11-26,"Nigeria Cricket Federation Oval 1, Abuja",1,15.5,Eswatini,Nigeria,M Magagula,Adil Butt,I Danladi,0,0,,,,,,lbw,M Magagula,,
1459381,2024/25,2024-11-26,"Nigeria Cricket Federation Oval 1, Abuja",1,15.6,Eswatini,Nigeria,M Jele,Adil Butt,I Danladi,1,0,,,,,,,,,
1459381,2024/25,2024-11-26,"Nigeria Cricket Federation Oval 1, Abuja",1,16.1,Eswatini,Nigeria,M Jele,Adil Butt,R Abdulkareem,1,0,,,,,,,,,
1459381,2024/25,2024-11-26,"Nigeria Cricket Federation Oval 1, Abuja",1,16.2,Eswatini,Nigeria,Adil Butt,M Jele,R Abdulkareem,4,0,,,,,,,,,
1459381,2024/25,2024-11-26,"Nigeria Cricket Federation Oval 1, Abuja",1,16.3,Eswatini,Nigeria,Adil Butt,M Jele,R Abdulkareem,0,0,,,,,,,,,
1459381,2024/25,2024-11-26,"Nigeria Cricket Federation Oval 1, Abuja",1,16.4,Eswatini,Nigeria,Adil Butt,M Jele,R Abdulkareem,0,0,,,,,,,,,
1459381,2024/25,2024-11-26,"Nigeria Cricket Federation Oval 1, Abuja",1,16.5,Eswatini,Nigeria,Adil Butt,M Jele,R Abdulkareem,0,1,1,,,,,,,,
1459381,2024/25,2024-11-26,"Nigeria Cricket Federation Oval 1, Abuja",1,16.6,Eswatini,Nigeria,Adil Butt,M Jele,R Abdulkareem,1,0,,,,,,,,,
1459381,2024/25,2024-11-26,"Nigeria Cricket Federation Oval 1, Abuja",1,16.7,Eswatini,Nigeria,M Jele,Adil Butt,R Abdulkareem,1,0,,,,,,,,,
1459381,2024/25,2024-11-26,"Nigeria Cricket Federation Oval 1, Abuja",1,17.1,Eswatini,Nigeria,M Jele,Adil Butt,P Aho,0,0,,,,,,,,,
1459381,2024/25,2024-11-26,"Nigeria Cricket Federation Oval 1, Abuja",1,17.2,Eswatini,Nigeria,M Jele,Adil Butt,P Aho,0,0,,,,,,bowled,M Jele,,
1459381,2024/25,2024-11-26,"Nigeria Cricket Federation Oval 1, Abuja",1,17.3,Eswatini,Nigeria,Muhammad Amin,Adil Butt,P Aho,0,0,,,,,,,,,
1459381,2024/25,2024-11-26,"Nigeria Cricket Federation Oval 1, Abuja",1,17.4,Eswatini,Nigeria,Muhammad Amin,Adil Butt,P Aho,1,0,,,,,,,,,
1459381,2024/25,2024-11-26,"Nigeria Cricket Federation Oval 1, Abuja",1,17.5,Eswatini,Nigeria,Adil Butt,Muhammad Amin,P Aho,4,0,,,,,,,,,
1459381,2024/25,2024-11-26,"Nigeria Cricket Federation Oval 1, Abuja",1,17.6,Eswatini,Nigeria,Adil Butt,Muhammad Amin,P Aho,4,0,,,,,,,,,
1459381,2024/25,2024-11-26,"Nigeria Cricket Federation Oval 1, Abuja",1,18.1,Eswatini,Nigeria,Muhammad Amin,Adil Butt,IO Okpe,1,0,,,,,,,,,
1459381,2024/25,2024-11-26,"Nigeria Cricket Federation Oval 1, Abuja",1,18.2,Eswatini,Nigeria,Adil Butt,Muhammad Amin,IO Okpe,4,0,,,,,,,,,
1459381,2024/25,2024-11-26,"Nigeria Cricket Federation Oval 1, Abuja",1,18.3,Eswatini,Nigeria,Adil Butt,Muhammad Amin,IO Okpe,0,0,,,,,,,,,
1459381,2024/25,2024-11-26,"Nigeria Cricket Federation Oval 1, Abuja",1,18.4,Eswatini,Nigeria,Adil Butt,Muhammad Amin,IO Okpe,2,0,,,,,,,,,
1459381,2024/25,2024-11-26,"Nigeria Cricket Federation Oval 1, Abuja",1,18.5,Eswatini,Nigeria,Adil Butt,Muhammad Amin,IO Okpe,0,0,,,,,,,,,
1459381,2024/25,2024-11-26,"Nigeria Cricket Federation Oval 1, Abuja",1,18.6,Eswatini,Nigeria,Adil Butt,Muhammad Amin,IO Okpe,6,0,,,,,,,,,
1459381,2024/25,2024-11-26,"Nigeria Cricket Federation Oval 1, Abuja",1,19.1,Eswatini,Nigeria,Muhammad Amin,Adil Butt,P Aho,1,0,,,,,,,,,
1459381,2024/25,2024-11-26,"Nigeria Cricket Federation Oval 1, Abuja",1,19.2,Eswatini,Nigeria,Adil Butt,Muhammad Amin,P Aho,0,0,,,,,,,,,
1459381,2024/25,2024-11-26,"Nigeria Cricket Federation Oval 1, Abuja",1,19.3,Eswatini,Nigeria,Adil Butt,Muhammad Amin,P Aho,6,0,,,,,,,,,
1459381,2024/25,2024-11-26,"Nigeria Cricket Federation Oval 1, Abuja",1,19.4,Eswatini,Nigeria,Adil Butt,Muhammad Amin,P Aho,0,0,,,,,,,,,
1459381,2024/25,2024-11-26,"Nigeria Cricket Federation Oval 1, Abuja",1,19.5,Eswatini,Nigeria,Adil Butt,Muhammad Amin,P Aho,0,1,,1,,,,,,,
1459381,2024/25,2024-11-26,"Nigeria Cricket Federation Oval 1, Abuja",1,19.6,Eswatini,Nigeria,Adil Butt,Muhammad Amin,P Aho,0,1,,1,,,,,,,
1459381,2024/25,2024-11-26,"Nigeria Cricket Federation Oval 1, Abuja",1,19.7,Eswatini,Nigeria,Adil Butt,Muhammad Amin,P Aho,0,0,,,,,,,,,
1459381,2024/25,2024-11-26,"Nigeria Cricket Federation Oval 1, Abuja",1,19.8,Eswatini,Nigeria,Adil Butt,Muhammad Amin,P Aho,0,0,,,,,,,,,
1459381,2024/25,2024-11-26,"Nigeria Cricket Federation Oval 1, Abuja",2,0.1,Nigeria,Eswatini,Sulaimon Runsewe,Selim Salau,R Sandeep,0,0,,,,,,,,,
1459381,2024/25,2024-11-26,"Nigeria Cricket Federation Oval 1, Abuja",2,0.2,Nigeria,Eswatini,Sulaimon Runsewe,Selim Salau,R Sandeep,0,0,,,,,,,,,
1459381,2024/25,2024-11-26,"Nigeria Cricket Federation Oval 1, Abuja",2,0.3,Nigeria,Eswatini,Sulaimon Runsewe,Selim Salau,R Sandeep,0,2,2,,,,,,,,
1459381,2024/25,2024-11-26,"Nigeria Cricket Federation Oval 1, Abuja",2,0.4,Nigeria,Eswatini,Selim Salau,Sulaimon Runsewe,R Sandeep,0,0,,,,,,,,,
1459381,2024/25,2024-11-26,"Nigeria Cricket Federation Oval 1, Abuja",2,0.5,Nigeria,Eswatini,Selim Salau,Sulaimon Runsewe,R Sandeep,2,0,,,,,,,,,
1459381,2024/25,2024-11-26,"Nigeria Cricket Federation Oval 1, Abuja",2,0.6,Nigeria,Eswatini,Selim Salau,Sulaimon Runsewe,R Sandeep,1,0,,,,,,,,,
1459381,2024/25,2024-11-26,"Nigeria Cricket Federation Oval 1, Abuja",2,0.7,Nigeria,Eswatini,Sulaimon Runsewe,Selim Salau,R Sandeep,0,0,,,,,,,,,
1459381,2024/25,2024-11-26,"Nigeria Cricket Federation Oval 1, Abuja",2,1.1,Nigeria,Eswatini,Selim Salau,Sulaimon Runsewe,M Khojbariya,1,0,,,,,,,,,
1459381,2024/25,2024-11-26,"Nigeria Cricket Federation Oval 1, Abuja",2,1.2,Nigeria,Eswatini,Sulaimon Runsewe,Selim Salau,M Khojbariya,4,0,,,,,,,,,
1459381,2024/25,2024-11-26,"Nigeria Cricket Federation Oval 1, Abuja",2,1.3,Nigeria,Eswatini,Sulaimon Runsewe,Selim Salau,M Khojbariya,0,0,,,,,,,,,
1459381,2024/25,2024-11-26,"Nigeria Cricket Federation Oval 1, Abuja",2,1.4,Nigeria,Eswatini,Sulaimon Runsewe,Selim Salau,M Khojbariya,4,0,,,,,,,,,
1459381,2024/25,2024-11-26,"Nigeria Cricket Federation Oval 1, Abuja",2,1.5,Nigeria,Eswatini,Sulaimon Runsewe,Selim Salau,M Khojbariya,0,0,,,,,,,,,
1459381,2024/25,2024-11-26,"Nigeria Cricket Federation Oval 1, Abuja",2,1.6,Nigeria,Eswatini,Sulaimon Runsewe,Selim Salau,M Khojbariya,0,0,,,,,,,,,
1459381,2024/25,2024-11-26,"Nigeria Cricket Federation Oval 1, Abuja",2,2.1,Nigeria,Eswatini,Selim Salau,Sulaimon Runsewe,R Sandeep,4,0,,,,,,,,,
1459381,2024/25,2024-11-26,"Nigeria Cricket Federation Oval 1, Abuja",2,2.2,Nigeria,Eswatini,Selim Salau,Sulaimon Runsewe,R Sandeep,2,0,,,,,,,,,
1459381,2024/25,2024-11-26,"Nigeria Cricket Federation Oval 1, Abuja",2,2.3,Nigeria,Eswatini,Selim Salau,Sulaimon Runsewe,R Sandeep,0,0,,,,,,,,,
1459381,2024/25,2024-11-26,"Nigeria Cricket Federation Oval 1, Abuja",2,2.4,Nigeria,Eswatini,Selim Salau,Sulaimon Runsewe,R Sandeep,0,0,,,,,,,,,
1459381,2024/25,2024-11-26,"Nigeria Cricket Federation Oval 1, Abuja",2,2.5,Nigeria,Eswatini,Selim Salau,Sulaimon Runsewe,R Sandeep,1,0,,,,,,,,,
1459381,2024/25,2024-11-26,"Nigeria Cricket Federation Oval 1, Abuja",2,2.6,Nigeria,Eswatini,Sulaimon Runsewe,Selim Salau,R Sandeep,0,0,,,,,,,,,
1459381,2024/25,2024-11-26,"Nigeria Cricket Federation Oval 1, Abuja",2,3.1,Nigeria,Eswatini,Selim Salau,Sulaimon Runsewe,M Khojbariya,4,0,,,,,,,,,
1459381,2024/25,2024-11-26,"Nigeria Cricket Federation Oval 1, Abuja",2,3.2,Nigeria,Eswatini,Selim Salau,Sulaimon Runsewe,M Khojbariya,4,0,,,,,,,,,
1459381,2024/25,2024-11-26,"Nigeria Cricket Federation Oval 1, Abuja",2,3.3,Nigeria,Eswatini,Selim Salau,Sulaimon Runsewe,M Khojbariya,0,0,,,,,,,,,
1459381,2024/25,2024-11-26,"Nigeria Cricket Federation Oval 1, Abuja",2,3.4,Nigeria,Eswatini,Selim Salau,Sulaimon Runsewe,M Khojbariya,1,0,,,,,,,,,
1459381,2024/25,2024-11-26,"Nigeria Cricket Federation Oval 1, Abuja",2,3.5,Nigeria,Eswatini,Sulaimon Runsewe,Selim Salau,M Khojbariya,4,0,,,,,,,,,
1459381,2024/25,2024-11-26,"Nigeria Cricket Federation Oval 1, Abuja",2,3.6,Nigeria,Eswatini,Sulaimon Runsewe,Selim Salau,M Khojbariya,2,0,,,,,,,,,
1459381,2024/25,2024-11-26,"Nigeria Cricket Federation Oval 1, Abuja",2,4.1,Nigeria,Eswatini,Selim Salau,Sulaimon Runsewe,Adil Butt,1,0,,,,,,,,,
1459381,2024/25,2024-11-26,"Nigeria Cricket Federation Oval 1, Abuja",2,4.2,Nigeria,Eswatini,Sulaimon Runsewe,Selim Salau,Adil Butt,1,0,,,,,,,,,
1459381,2024/25,2024-11-26,"Nigeria Cricket Federation Oval 1, Abuja",2,4.3,Nigeria,Eswatini,Selim Salau,Sulaimon Runsewe,Adil Butt,0,0,,,,,,,,,
1459381,2024/25,2024-11-26,"Nigeria Cricket Federation Oval 1, Abuja",2,4.4,Nigeria,Eswatini,Selim Salau,Sulaimon Runsewe,Adil Butt,6,0,,,,,,,,,
1459381,2024/25,2024-11-26,"Nigeria Cricket Federation Oval 1, Abuja",2,4.5,Nigeria,Eswatini,Selim Salau,Sulaimon Runsewe,Adil Butt,2,0,,,,,,,,,
1459381,2024/25,2024-11-26,"Nigeria Cricket Federation Oval 1, Abuja",2,4.6,Nigeria,Eswatini,Selim Salau,Sulaimon Runsewe,Adil Butt,1,0,,,,,,,,,
1459381,2024/25,2024-11-26,"Nigeria Cricket Federation Oval 1, Abuja",2,5.1,Nigeria,Eswatini,Selim Salau,Sulaimon Runsewe,M Jele,1,0,,,,,,,,,
1459381,2024/25,2024-11-26,"Nigeria Cricket Federation Oval 1, Abuja",2,5.2,Nigeria,Eswatini,Sulaimon Runsewe,Selim Salau,M Jele,0,0,,,,,,,,,
1459381,2024/25,2024-11-26,"Nigeria Cricket Federation Oval 1, Abuja",2,5.3,Nigeria,Eswatini,Sulaimon Runsewe,Selim Salau,M Jele,4,0,,,,,,,,,
1459381,2024/25,2024-11-26,"Nigeria Cricket Federation Oval 1, Abuja",2,5.4,Nigeria,Eswatini,Sulaimon Runsewe,Selim Salau,M Jele,0,0,,,,,,caught,Sulaimon Runsewe,,
1459381,2024/25,2024-11-26,"Nigeria Cricket Federation Oval 1, Abuja",2,5.5,Nigeria,Eswatini,O Olaleye,Selim Salau,M Jele,0,0,,,,,,,,,
1459381,2024/25,2024-11-26,"Nigeria Cricket Federation Oval 1, Abuja",2,5.6,Nigeria,Eswatini,O Olaleye,Selim Salau,M Jele,1,0,,,,,,,,,
1459381,2024/25,2024-11-26,"Nigeria Cricket Federation Oval 1, Abuja",2,6.1,Nigeria,Eswatini,O Olaleye,Selim Salau,Adil Butt,4,0,,,,,,,,,
1459381,2024/25,2024-11-26,"Nigeria Cricket Federation Oval 1, Abuja",2,6.2,Nigeria,Eswatini,O Olaleye,Selim Salau,Adil Butt,4,0,,,,,,,,,
1459381,2024/25,2024-11-26,"Nigeria Cricket Federation Oval 1, Abuja",2,6.3,Nigeria,Eswatini,O Olaleye,Selim Salau,Adil Butt,1,0,,,,,,,,,
1459381,2024/25,2024-11-26,"Nigeria Cricket Federation Oval 1, Abuja",2,6.4,Nigeria,Eswatini,Selim Salau,O Olaleye,Adil Butt,0,0,,,,,,bowled,Selim Salau,,
1459381,2024/25,2024-11-26,"Nigeria Cricket Federation Oval 1, Abuja",2,6.5,Nigeria,Eswatini,I Danladi,O Olaleye,Adil Butt,0,0,,,,,,,,,
1459381,2024/25,2024-11-26,"Nigeria Cricket Federation Oval 1, Abuja",2,6.6,Nigeria,Eswatini,I Danladi,O Olaleye,Adil Butt,1,0,,,,,,,,,
1459381,2024/25,2024-11-26,"Nigeria Cricket Federation Oval 1, Abuja",2,7.1,Nigeria,Eswatini,I Danladi,O Olaleye,M Jele,0,3,3,,,,,,,,
1459381,2024/25,2024-11-26,"Nigeria Cricket Federation Oval 1, Abuja",2,7.2,Nigeria,Eswatini,I Danladi,O Olaleye,M Jele,1,0,,,,,,,,,
1459381,2024/25,2024-11-26,"Nigeria Cricket Federation Oval 1, Abuja",2,7.3,Nigeria,Eswatini,O Olaleye,I Danladi,M Jele,1,0,,,,,,,,,
1459381,2024/25,2024-11-26,"Nigeria Cricket Federation Oval 1, Abuja",2,7.4,Nigeria,Eswatini,I Danladi,O Olaleye,M Jele,1,0,,,,,,,,,
1459381,2024/25,2024-11-26,"Nigeria Cricket Federation Oval 1, Abuja",2,7.5,Nigeria,Eswatini,O Olaleye,I Danladi,M Jele,0,0,,,,,,,,,
1459381,2024/25,2024-11-26,"Nigeria Cricket Federation Oval 1, Abuja",2,7.6,Nigeria,Eswatini,O Olaleye,I Danladi,M Jele,1,0,,,,,,,,,
1459381,2024/25,2024-11-26,"Nigeria Cricket Federation Oval 1, Abuja",2,7.7,Nigeria,Eswatini,I Danladi,O Olaleye,M Jele,6,0,,,,,,,,,
1459381,2024/25,2024-11-26,"Nigeria Cricket Federation Oval 1, Abuja",2,8.1,Nigeria,Eswatini,O Olaleye,I Danladi,Adil Butt,1,0,,,,,,,,,
1459381,2024/25,2024-11-26,"Nigeria Cricket Federation Oval 1, Abuja",2,8.2,Nigeria,Eswatini,I Danladi,O Olaleye,Adil Butt,6,0,,,,,,,,,
1459381,2024/25,2024-11-26,"Nigeria Cricket Federation Oval 1, Abuja",2,8.3,Nigeria,Eswatini,I Danladi,O Olaleye,Adil Butt,4,0,,,,,,,,,
1459381,2024/25,2024-11-26,"Nigeria Cricket Federation Oval 1, Abuja",2,8.4,Nigeria,Eswatini,I Danladi,O Olaleye,Adil Butt,0,0,,,,,,,,,
1459381,2024/25,2024-11-26,"Nigeria Cricket Federation Oval 1, Abuja",2,8.5,Nigeria,Eswatini,I Danladi,O Olaleye,Adil Butt,0,0,,,,,,,,,
1459381,2024/25,2024-11-26,"Nigeria Cricket Federation Oval 1, Abuja",2,8.6,Nigeria,Eswatini,I Danladi,O Olaleye,Adil Butt,2,0,,,,,,,,,
1459381,2024/25,2024-11-26,"Nigeria Cricket Federation Oval 1, Abuja",2,9.1,Nigeria,Eswatini,O Olaleye,I Danladi,Umair Qasim,1,0,,,,,,,,,
1459381,2024/25,2024-11-26,"Nigeria Cricket Federation Oval 1, Abuja",2,9.2,Nigeria,Eswatini,I Danladi,O Olaleye,Umair Qasim,6,0,,,,,,,,,
1459381,2024/25,2024-11-26,"Nigeria Cricket Federation Oval 1, Abuja",2,9.3,Nigeria,Eswatini,I Danladi,O Olaleye,Umair Qasim,0,0,,,,,,,,,
1459381,2024/25,2024-11-26,"Nigeria Cricket Federation Oval 1, Abuja",2,9.4,Nigeria,Eswatini,I Danladi,O Olaleye,Umair Qasim,1,0,,,,,,,,,
1459381,2024/25,2024-11-26,"Nigeria Cricket Federation Oval 1, Abuja",2,9.5,Nigeria,Eswatini,O Olaleye,I Danladi,Umair Qasim,0,0,,,,,,,,,
1459381,2024/25,2024-11-26,"Nigeria Cricket Federation Oval 1, Abuja",2,9.6,Nigeria,Eswatini,O Olaleye,I Danladi,Umair Qasim,6,0,,,,,,,,,
1459381,2024/25,2024-11-26,"Nigeria Cricket Federation Oval 1, Abuja",2,10.1,Nigeria,Eswatini,I Danladi,O Olaleye,M Magagula,0,0,,,,,,caught,I Danladi,,
1459381,2024/25,2024-11-26,"Nigeria Cricket Federation Oval 1, Abuja",2,10.2,Nigeria,Eswatini,SA Okpe,O Olaleye,M Magagula,2,0,,,,,,,,,
1459381,2024/25,2024-11-26,"Nigeria Cricket Federation Oval 1, Abuja",2,10.3,Nigeria,Eswatini,SA Okpe,O Olaleye,M Magagula,1,0,,,,,,,,,
1459381,2024/25,2024-11-26,"Nigeria Cricket Federation Oval 1, Abuja",2,10.4,Nigeria,Eswatini,O Olaleye,SA Okpe,M Magagula,0,0,,,,,,,,,
1459381,2024/25,2024-11-26,"Nigeria Cricket Federation Oval 1, Abuja",2,10.5,Nigeria,Eswatini,O Olaleye,SA Okpe,M Magagula,1,0,,,,,,,,,
1459381,2024/25,2024-11-26,"Nigeria Cricket Federation Oval 1, Abuja",2,10.6,Nigeria,Eswatini,SA Okpe,O Olaleye,M Magagula,1,0,,,,,,,,,
1459381,2024/25,2024-11-26,"Nigeria Cricket Federation Oval 1, Abuja",2,11.1,Nigeria,Eswatini,SA Okpe,O Olaleye,Umair Qasim,2,0,,,,,,,,,
1459381,2024/25,2024-11-26,"Nigeria Cricket Federation Oval 1, Abuja",2,11.2,Nigeria,Eswatini,SA Okpe,O Olaleye,Umair Qasim,3,0,,,,,,,,,
1459381,2024/25,2024-11-26,"Nigeria Cricket Federation Oval 1, Abuja",2,11.3,Nigeria,Eswatini,O Olaleye,SA Okpe,Umair Qasim,1,0,,,,,,,,,
1459381,2024/25,2024-11-26,"Nigeria Cricket Federation Oval 1, Abuja",2,11.4,Nigeria,Eswatini,SA Okpe,O Olaleye,Umair Qasim,1,0,,,,,,,,,
1459381,2024/25,2024-11-26,"Nigeria Cricket Federation Oval 1, Abuja",2,11.5,Nigeria,Eswatini,O Olaleye,SA Okpe,Umair Qasim,1,0,,,,,,,,,
1459381,2024/25,2024-11-26,"Nigeria Cricket Federation Oval 1, Abuja",2,11.6,Nigeria,Eswatini,SA Okpe,O Olaleye,Umair Qasim,6,0,,,,,,,,,
1459381,2024/25,2024-11-26,"Nigeria Cricket Federation Oval 1, Abuja",2,12.1,Nigeria,Eswatini,O Olaleye,SA Okpe,M Magagula,0,0,,,,,,,,,
1459381,2024/25,2024-11-26,"Nigeria Cricket Federation Oval 1, Abuja",2,12.2,Nigeria,Eswatini,O Olaleye,SA Okpe,M Magagula,6,0,,,,,,,,,
1459381,2024/25,2024-11-26,"Nigeria Cricket Federation Oval 1, Abuja",2,12.3,Nigeria,Eswatini,O Olaleye,SA Okpe,M Magagula,1,0,,,,,,,,,
1459381,2024/25,2024-11-26,"Nigeria Cricket Federation Oval 1, Abuja",2,12.4,Nigeria,Eswatini,SA Okpe,O Olaleye,M Magagula,0,0,,,,,,,,,
1459381,2024/25,2024-11-26,"Nigeria Cricket Federation Oval 1, Abuja",2,12.5,Nigeria,Eswatini,SA Okpe,O Olaleye,M Magagula,0,0,,,,,,,,,
1459381,2024/25,2024-11-26,"Nigeria Cricket Federation Oval 1, Abuja",2,12.6,Nigeria,Eswatini,SA Okpe,O Olaleye,M Magagula,1,0,,,,,,,,,
1459381,2024/25,2024-11-26,"Nigeria Cricket Federation Oval 1, Abuja",2,13.1,Nigeria,Eswatini,SA Okpe,O Olaleye,M Khojbariya,0,0,,,,,,,,,
1459381,2024/25,2024-11-26,"Nigeria Cricket Federation Oval 1, Abuja",2,13.2,Nigeria,Eswatini,SA Okpe,O Olaleye,M Khojbariya,0,0,,,,,,bowled,SA Okpe,,
1459381,2024/25,2024-11-26,"Nigeria Cricket Federation Oval 1, Abuja",2,13.3,Nigeria,Eswatini,R Abdulkareem,O Olaleye,M Khojbariya,1,0,,,,,,,,,
1459381,2024/25,2024-11-26,"Nigeria Cricket Federation Oval 1, Abuja",2,13.4,Nigeria,Eswatini,O Olaleye,R Abdulkareem,M Khojbariya,1,0,,,,,,,,,
1459381,2024/25,2024-11-26,"Nigeria Cricket Federation Oval 1, Abuja",2,13.5,Nigeria,Eswatini,R Abdulkareem,O Olaleye,M Khojbariya,0,0,,,,,,,,,
1459381,2024/25,2024-11-26,"Nigeria Cricket Federation Oval 1, Abuja",2,13.6,Nigeria,Eswatini,R Abdulkareem,O Olaleye,M Khojbariya,0,0,,,,,,run out,O Olaleye,,
1459381,2024/25,2024-11-26,"Nigeria Cricket Federation Oval 1, Abuja",2,14.1,Nigeria,Eswatini,R Abdulkareem,IO Okpe,M Magagula,0,0,,,,,,,,,
1459381,2024/25,2024-11-26,"Nigeria Cricket Federation Oval 1, Abuja",2,14.2,Nigeria,Eswatini,R Abdulkareem,IO Okpe,M Magagula,0,0,,,,,,,,,
1459381,2024/25,2024-11-26,"Nigeria Cricket Federation Oval 1, Abuja",2,14.3,Nigeria,Eswatini,R Abdulkareem,IO Okpe,M Magagula,2,0,,,,,,,,,
1459381,2024/25,2024-11-26,"Nigeria Cricket Federation Oval 1, Abuja",2,14.4,Nigeria,Eswatini,R Abdulkareem,IO Okpe,M Magagula,0,0,,,,,,,,,
1459381,2024/25,2024-11-26,"Nigeria Cricket Federation Oval 1, Abuja",2,14.5,Nigeria,Eswatini,R Abdulkareem,IO Okpe,M Magagula,0,0,,,,,,,,,
1459381,2024/25,2024-11-26,"Nigeria Cricket Federation Oval 1, Abuja",2,14.6,Nigeria,Eswatini,R Abdulkareem,IO Okpe,M Magagula,4,0,,,,,,,,,
